0
0  0
46  0
497  1289
2071  2542
2384  1169
-1909


300
0  0
42  100
477  831
2070  2396
2410  1673
-1204


600
0  0
37  0
483  0
2170  388
2310  4612
2859


900
0  0
42  0
497  115
2097  1700
2362  3185
1295


1200
0  0
43  0
486  92
2064  1765
2404  3143
1228


1500
0  0
36  0
498  0
2143  298
2320  4702
2961


1800
0  0
43  0
475  0
2149  207
2331  4793
3029


2100
0  0
33  0
447  0
2166  121
2353  4879
3042


2400
0  0
48  0
459  0
2100  218
2393  4782
2944


2700
0  0
41  0
479  94
2073  2144
2407  2762
822


3000
0  0
38  0
475  0
2110  174
2376  4826
3004


3300
0  0
39  0
471  0
2086  81
2404  4919
3064


3600
0  0
34  0
463  0
2131  133
2370  4867
3034


3900
0  0
49  0
464  0
2139  853
2347  4147
2365


4200
0  0
41  0
507  0
2098  188
2354  4812
3047


4500
0  0
42  0
508  0
2064  858
2384  4142
2356


4800
0  0
27  0
481  0
2104  254
2386  4746
2901


5100
0  0
38  0
492  0
2108  107
2362  4893
3099


5400
0  0
36  0
466  0
2160  167
2337  4833
3037


5700
0  0
39  0
489  0
2111  309
2359  4691
2905


6000
0  0
33  0
471  0
2095  80
2401  4920
3056


6300
0  0
42  0
528  0
2090  111
2339  4889
3165


6600
0  0
28  0
523  0
2114  409
2335  4591
2835


6900
0  0
40  0
452  0
2117  122
2389  4878
3027


7200
0  0
50  0
455  0
2119  62
2376  4938
3117


7500
0  0
31  0
460  0
2124  71
2384  4929
3070


7800
0  0
52  0
448  0
2111  76
2387  4924
3095


8100
0  0
32  0
511  0
2100  76
2357  4924
3142


8400
0  0
30  0
464  23
2184  895
2322  4082
2261


8700
0  0
39  0
455  0
2168  216
2337  4784
2983


9000
0  0
40  0
476  0
2115  139
2368  4861
3052


9300
0  0
41  0
471  0
2064  776
2423  4224
2357


9600
0  0
36  0
481  0
2120  603
2361  4397
2595


9900
0  0
50  0
505  0
2105  156
2339  4844
3113


10200
0  0
39  0
483  0
2095  283
2382  4717
2899


10500
0  0
43  0
499  0
2113  1722
2345  3278
1518


10800
0  0
39  0
458  84
2171  1597
2328  3319
1455


11100
0  0
35  0
494  0
2071  522
2398  4478
2650


11400
0  0
50  0
479  0
2115  455
2355  4545
2772


11700
0  0
38  0
483  0
2097  550
2381  4450
2631


